---------------------------------------
Iteration no: 1/30

best_distance =

       25418


std_distance =

  Columns 1 through 9

       25418           0           0           0           0           0           0           0           0

  Columns 10 through 18

           0           0           0           0           0           0           0           0           0

  Columns 19 through 27

           0           0           0           0           0           0           0           0           0

  Columns 28 through 30

           0           0           0

---------------------------------------
Iteration no: 2/30

best_distance =

       25028


std_distance =

  Columns 1 through 9

       25418       25028           0           0           0           0           0           0           0

  Columns 10 through 18

           0           0           0           0           0           0           0           0           0

  Columns 19 through 27

           0           0           0           0           0           0           0           0           0

  Columns 28 through 30

           0           0           0

---------------------------------------
Iteration no: 3/30

best_distance =

       21689


std_distance =

  Columns 1 through 9

       25418       25028       21689           0           0           0           0           0           0

  Columns 10 through 18

           0           0           0           0           0           0           0           0           0

  Columns 19 through 27

           0           0           0           0           0           0           0           0           0

  Columns 28 through 30

           0           0           0

---------------------------------------
Iteration no: 4/30

best_distance =

       21818


std_distance =

  Columns 1 through 9

       25418       25028       21689       21818           0           0           0           0           0

  Columns 10 through 18

           0           0           0           0           0           0           0           0           0

  Columns 19 through 27

           0           0           0           0           0           0           0           0           0

  Columns 28 through 30

           0           0           0

---------------------------------------
Iteration no: 5/30

best_distance =

       20472


std_distance =

  Columns 1 through 9

       25418       25028       21689       21818       20472           0           0           0           0

  Columns 10 through 18

           0           0           0           0           0           0           0           0           0

  Columns 19 through 27

           0           0           0           0           0           0           0           0           0

  Columns 28 through 30

           0           0           0

---------------------------------------
Iteration no: 6/30

best_distance =

       21060


std_distance =

  Columns 1 through 9

       25418       25028       21689       21818       20472       21060           0           0           0

  Columns 10 through 18

           0           0           0           0           0           0           0           0           0

  Columns 19 through 27

           0           0           0           0           0           0           0           0           0

  Columns 28 through 30

           0           0           0

---------------------------------------
Iteration no: 7/30
{Operation terminated by user during <a href="matlab:matlab.internal.language.introspective.errorDocCallback('two_point_crossover', 'C:\Users\kargi\Desktop\University of Birmingham\Semester 2\Evolutionary Computation (Extended) [06 35376]\Assignments\Assignment 1 - Solving a TSP using SA and GA\Project files\GA\two_point_crossover.m', 44)" style="font-weight:bold">two_point_crossover</a> (<a href="matlab: opentoline('C:\Users\kargi\Desktop\University of Birmingham\Semester 2\Evolutionary Computation (Extended) [06 35376]\Assignments\Assignment 1 - Solving a TSP using SA and GA\Project files\GA\two_point_crossover.m',44,0)">line 44</a>)


In <a href="matlab:matlab.internal.language.introspective.errorDocCallback('genetic_algorithm', 'C:\Users\kargi\Desktop\University of Birmingham\Semester 2\Evolutionary Computation (Extended) [06 35376]\Assignments\Assignment 1 - Solving a TSP using SA and GA\Project files\GA\genetic_algorithm.m', 25)" style="font-weight:bold">genetic_algorithm</a> (<a href="matlab: opentoline('C:\Users\kargi\Desktop\University of Birmingham\Semester 2\Evolutionary Computation (Extended) [06 35376]\Assignments\Assignment 1 - Solving a TSP using SA and GA\Project files\GA\genetic_algorithm.m',25,0)">line 25</a>)
            [offspring1, offspring2] = two_point_crossover(cities_length, parent1, parent2);

In <a href="matlab:matlab.internal.language.introspective.errorDocCallback('test_GA_10000_fitness_req5', 'C:\Users\kargi\Desktop\University of Birmingham\Semester 2\Evolutionary Computation (Extended) [06 35376]\Assignments\Assignment 1 - Solving a TSP using SA and GA\Project files\GA\test_GA_10000_fitness_req5.m', 51)" style="font-weight:bold">test_GA_10000_fitness_req5</a> (<a href="matlab: opentoline('C:\Users\kargi\Desktop\University of Birmingham\Semester 2\Evolutionary Computation (Extended) [06 35376]\Assignments\Assignment 1 - Solving a TSP using SA and GA\Project files\GA\test_GA_10000_fitness_req5.m',51,0)">line 51</a>)
            best_distance = genetic_algorithm(cities, population_length, max_t, crossover_rate, mutation_rate);
} 
test_GA_10000_fitness_req5
[Warning: File not found or permission denied] 
[> In <a href="matlab:matlab.internal.language.introspective.errorDocCallback('test_GA_10000_fitness_req5', 'C:\Users\kargi\Desktop\University of Birmingham\Semester 2\Evolutionary Computation (Extended) [06 35376]\Assignments\Assignment 1 - Solving a TSP using SA and GA\Project files\GA\test_GA_10000_fitness_req5.m', 33)" style="font-weight:bold">test_GA_10000_fitness_req5</a> (<a href="matlab: opentoline('C:\Users\kargi\Desktop\University of Birmingham\Semester 2\Evolutionary Computation (Extended) [06 35376]\Assignments\Assignment 1 - Solving a TSP using SA and GA\Project files\GA\test_GA_10000_fitness_req5.m',33,0)">line 33</a>)] 
---------------------------------------
Iteration no: 1/30

best_distance =

       32088


std_distance =

  Columns 1 through 9

       32088           0           0           0           0           0           0           0           0

  Columns 10 through 18

           0           0           0           0           0           0           0           0           0

  Columns 19 through 27

           0           0           0           0           0           0           0           0           0

  Columns 28 through 30

           0           0           0

---------------------------------------
Iteration no: 2/30

best_distance =

       30535


std_distance =

  Columns 1 through 9

       32088       30535           0           0           0           0           0           0           0

  Columns 10 through 18

           0           0           0           0           0           0           0           0           0

  Columns 19 through 27

           0           0           0           0           0           0           0           0           0

  Columns 28 through 30

           0           0           0

---------------------------------------
Iteration no: 3/30

best_distance =

       33239


std_distance =

  Columns 1 through 9

       32088       30535       33239           0           0           0           0           0           0

  Columns 10 through 18

           0           0           0           0           0           0           0           0           0

  Columns 19 through 27

           0           0           0           0           0           0           0           0           0

