---------------------------------------
Iteration no: 1/30

best_distance =

       40749


std_distance =

  Columns 1 through 9

       40749           0           0           0           0           0           0           0           0

  Columns 10 through 18

           0           0           0           0           0           0           0           0           0

  Columns 19 through 27

           0           0           0           0           0           0           0           0           0

  Columns 28 through 30

           0           0           0

---------------------------------------
Iteration no: 2/30

best_distance =

       39252


std_distance =

  Columns 1 through 9

       40749       39252           0           0           0           0           0           0           0

  Columns 10 through 18

           0           0           0           0           0           0           0           0           0

  Columns 19 through 27

           0           0           0           0           0           0           0           0           0

  Columns 28 through 30

           0           0           0

---------------------------------------
Iteration no: 3/30

best_distance =

       35169


std_distance =

  Columns 1 through 9

       40749       39252       35169           0           0           0           0           0           0

  Columns 10 through 18

           0           0           0           0           0           0           0           0           0

  Columns 19 through 27

           0           0           0           0           0           0           0           0           0

  Columns 28 through 30

           0           0           0

---------------------------------------
Iteration no: 4/30

best_distance =

       31256


std_distance =

  Columns 1 through 9

       40749       39252       35169       31256           0           0           0           0           0

  Columns 10 through 18

           0           0           0           0           0           0           0           0           0

  Columns 19 through 27

           0           0           0           0           0           0           0           0           0

  Columns 28 through 30

           0           0           0

---------------------------------------
Iteration no: 5/30

best_distance =

       34707


std_distance =

  Columns 1 through 9

       40749       39252       35169       31256       34707           0           0           0           0

  Columns 10 through 18

           0           0           0           0           0           0           0           0           0

  Columns 19 through 27

           0           0           0           0           0           0           0           0           0

  Columns 28 through 30

           0           0           0

---------------------------------------
Iteration no: 6/30

best_distance =

       31062


std_distance =

  Columns 1 through 9

       40749       39252       35169       31256       34707       31062           0           0           0

  Columns 10 through 18

           0           0           0           0           0           0           0           0           0

  Columns 19 through 27

           0           0           0           0           0           0           0           0           0

  Columns 28 through 30

           0           0           0

---------------------------------------
Iteration no: 7/30

best_distance =

       30886


std_distance =

  Columns 1 through 9

       40749       39252       35169       31256       34707       31062       30886           0           0

  Columns 10 through 18

           0           0           0           0           0           0           0           0           0

  Columns 19 through 27

           0           0           0           0           0           0           0           0           0

  Columns 28 through 30

           0           0           0

---------------------------------------
Iteration no: 8/30

best_distance =

       34740


std_distance =

  Columns 1 through 9

       40749       39252       35169       31256       34707       31062       30886       34740           0

  Columns 10 through 18

           0           0           0           0           0           0           0           0           0

  Columns 19 through 27

           0           0           0           0           0           0           0           0           0

  Columns 28 through 30

           0           0           0

---------------------------------------
Iteration no: 9/30

best_distance =

       29821


std_distance =

  Columns 1 through 9

       40749       39252       35169       31256       34707       31062       30886       34740       29821

  Columns 10 through 18

           0           0           0           0           0           0           0           0           0

  Columns 19 through 27

           0           0           0           0           0           0           0           0           0

  Columns 28 through 30

           0           0           0

---------------------------------------
Iteration no: 10/30

best_distance =

       34468


std_distance =

  Columns 1 through 9

       40749       39252       35169       31256       34707       31062       30886       34740       29821

  Columns 10 through 18

       34468           0           0           0           0           0           0           0           0

  Columns 19 through 27

           0           0           0           0           0           0           0           0           0

  Columns 28 through 30

           0           0           0

---------------------------------------
Iteration no: 11/30

best_distance =

       37980


std_distance =

  Columns 1 through 9

       40749       39252       35169       31256       34707       31062       30886       34740       29821

  Columns 10 through 18

       34468       37980           0           0           0           0           0           0           0

  Columns 19 through 27

           0           0           0           0           0           0           0           0           0

  Columns 28 through 30

           0           0           0

---------------------------------------
Iteration no: 12/30

best_distance =

       30225


std_distance =

  Columns 1 through 9

       40749       39252       35169       31256       34707       31062       30886       34740       29821

  Columns 10 through 18

       34468       37980       30225           0           0           0           0           0           0

  Columns 19 through 27

           0           0           0           0           0           0           0           0           0

  Columns 28 through 30

           0           0           0

---------------------------------------
Iteration no: 13/30

best_distance =

       39437


std_distance =

  Columns 1 through 9

       40749       39252       35169       31256       34707       31062       30886       34740       29821

  Columns 10 through 18

       34468       37980       30225       39437           0           0           0           0           0

  Columns 19 through 27

           0           0           0           0           0           0           0           0           0

  Columns 28 through 30

           0           0           0

---------------------------------------
Iteration no: 14/30

best_distance =

       31568


std_distance =

  Columns 1 through 9

       40749       39252       35169       31256       34707       31062       30886       34740       29821

  Columns 10 through 18

       34468       37980       30225       39437       31568           0           0           0           0

  Columns 19 through 27

           0           0           0           0           0           0           0           0           0

