---------------------------------------
Iteration no: 1/30

best_distance =

       23219


std_distance =

  Columns 1 through 9

       23219           0           0           0           0           0           0           0           0

  Columns 10 through 18

           0           0           0           0           0           0           0           0           0

  Columns 19 through 27

           0           0           0           0           0           0           0           0           0

  Columns 28 through 30

           0           0           0

---------------------------------------
Iteration no: 2/30

best_distance =

       23282


std_distance =

  Columns 1 through 9

       23219       23282           0           0           0           0           0           0           0

  Columns 10 through 18

           0           0           0           0           0           0           0           0           0

  Columns 19 through 27

           0           0           0           0           0           0           0           0           0

  Columns 28 through 30

           0           0           0

---------------------------------------
Iteration no: 3/30

best_distance =

       27657


std_distance =

  Columns 1 through 9

       23219       23282       27657           0           0           0           0           0           0

  Columns 10 through 18

           0           0           0           0           0           0           0           0           0

  Columns 19 through 27

           0           0           0           0           0           0           0           0           0

  Columns 28 through 30

           0           0           0

---------------------------------------
Iteration no: 4/30

best_distance =

       23874


std_distance =

  Columns 1 through 9

       23219       23282       27657       23874           0           0           0           0           0

  Columns 10 through 18

           0           0           0           0           0           0           0           0           0

  Columns 19 through 27

           0           0           0           0           0           0           0           0           0

  Columns 28 through 30

           0           0           0

---------------------------------------
Iteration no: 5/30

best_distance =

       24702


std_distance =

  Columns 1 through 9

       23219       23282       27657       23874       24702           0           0           0           0

  Columns 10 through 18

           0           0           0           0           0           0           0           0           0

  Columns 19 through 27

           0           0           0           0           0           0           0           0           0

  Columns 28 through 30

           0           0           0

---------------------------------------
Iteration no: 6/30

best_distance =

       25846


std_distance =

  Columns 1 through 9

       23219       23282       27657       23874       24702       25846           0           0           0

  Columns 10 through 18

           0           0           0           0           0           0           0           0           0

  Columns 19 through 27

           0           0           0           0           0           0           0           0           0

  Columns 28 through 30

           0           0           0

---------------------------------------
Iteration no: 7/30

best_distance =

       18509


std_distance =

  Columns 1 through 9

       23219       23282       27657       23874       24702       25846       18509           0           0

  Columns 10 through 18

           0           0           0           0           0           0           0           0           0

  Columns 19 through 27

           0           0           0           0           0           0           0           0           0

  Columns 28 through 30

           0           0           0

---------------------------------------
Iteration no: 8/30

best_distance =

       27087


std_distance =

  Columns 1 through 9

       23219       23282       27657       23874       24702       25846       18509       27087           0

  Columns 10 through 18

           0           0           0           0           0           0           0           0           0

  Columns 19 through 27

           0           0           0           0           0           0           0           0           0

  Columns 28 through 30

           0           0           0

---------------------------------------
Iteration no: 9/30

best_distance =

       27633


std_distance =

  Columns 1 through 9

       23219       23282       27657       23874       24702       25846       18509       27087       27633

  Columns 10 through 18

           0           0           0           0           0           0           0           0           0

  Columns 19 through 27

           0           0           0           0           0           0           0           0           0

  Columns 28 through 30

           0           0           0

---------------------------------------
Iteration no: 10/30

best_distance =

       18078


std_distance =

  Columns 1 through 9

       23219       23282       27657       23874       24702       25846       18509       27087       27633

  Columns 10 through 18

       18078           0           0           0           0           0           0           0           0

  Columns 19 through 27

           0           0           0           0           0           0           0           0           0

  Columns 28 through 30

           0           0           0

---------------------------------------
Iteration no: 11/30

best_distance =

       26451


std_distance =

  Columns 1 through 9

       23219       23282       27657       23874       24702       25846       18509       27087       27633

  Columns 10 through 18

       18078       26451           0           0           0           0           0           0           0

  Columns 19 through 27

           0           0           0           0           0           0           0           0           0

  Columns 28 through 30

           0           0           0

---------------------------------------
Iteration no: 12/30

best_distance =

       21537


std_distance =

  Columns 1 through 9

       23219       23282       27657       23874       24702       25846       18509       27087       27633

  Columns 10 through 18

       18078       26451       21537           0           0           0           0           0           0

  Columns 19 through 27

           0           0           0           0           0           0           0           0           0

  Columns 28 through 30

           0           0           0

---------------------------------------
Iteration no: 13/30

best_distance =

       24127


std_distance =

  Columns 1 through 9

       23219       23282       27657       23874       24702       25846       18509       27087       27633

  Columns 10 through 18

       18078       26451       21537       24127           0           0           0           0           0

  Columns 19 through 27

           0           0           0           0           0           0           0           0           0

  Columns 28 through 30

           0           0           0

---------------------------------------
Iteration no: 14/30

best_distance =

       33019


std_distance =

  Columns 1 through 9

       23219       23282       27657       23874       24702       25846       18509       27087       27633

  Columns 10 through 18

       18078       26451       21537       24127       33019           0           0           0           0

  Columns 19 through 27

           0           0           0           0           0           0           0           0           0

