---------------------------------------
Iteration no: 1/30

best_distance =

       10738


std_distance =

  Columns 1 through 9

       10738           0           0           0           0           0           0           0           0

  Columns 10 through 18

           0           0           0           0           0           0           0           0           0

  Columns 19 through 27

           0           0           0           0           0           0           0           0           0

  Columns 28 through 30

           0           0           0

---------------------------------------
Iteration no: 2/30

best_distance =

       10770


std_distance =

  Columns 1 through 9

       10738       10770           0           0           0           0           0           0           0

  Columns 10 through 18

           0           0           0           0           0           0           0           0           0

  Columns 19 through 27

           0           0           0           0           0           0           0           0           0

  Columns 28 through 30

           0           0           0

---------------------------------------
Iteration no: 3/30

best_distance =

       10707


std_distance =

  Columns 1 through 9

       10738       10770       10707           0           0           0           0           0           0

  Columns 10 through 18

           0           0           0           0           0           0           0           0           0

  Columns 19 through 27

           0           0           0           0           0           0           0           0           0

  Columns 28 through 30

           0           0           0

---------------------------------------
Iteration no: 4/30

best_distance =

       10983


std_distance =

  Columns 1 through 9

       10738       10770       10707       10983           0           0           0           0           0

  Columns 10 through 18

           0           0           0           0           0           0           0           0           0

  Columns 19 through 27

           0           0           0           0           0           0           0           0           0

  Columns 28 through 30

           0           0           0

---------------------------------------
Iteration no: 5/30

best_distance =

       10628


std_distance =

  Columns 1 through 9

       10738       10770       10707       10983       10628           0           0           0           0

  Columns 10 through 18

           0           0           0           0           0           0           0           0           0

  Columns 19 through 27

           0           0           0           0           0           0           0           0           0

  Columns 28 through 30

           0           0           0

---------------------------------------
Iteration no: 6/30

best_distance =

       10716


std_distance =

  Columns 1 through 9

       10738       10770       10707       10983       10628       10716           0           0           0

  Columns 10 through 18

           0           0           0           0           0           0           0           0           0

  Columns 19 through 27

           0           0           0           0           0           0           0           0           0

  Columns 28 through 30

           0           0           0

---------------------------------------
Iteration no: 7/30

best_distance =

       10820


std_distance =

  Columns 1 through 9

       10738       10770       10707       10983       10628       10716       10820           0           0

  Columns 10 through 18

           0           0           0           0           0           0           0           0           0

  Columns 19 through 27

           0           0           0           0           0           0           0           0           0

  Columns 28 through 30

           0           0           0

---------------------------------------
Iteration no: 8/30

best_distance =

       10860


std_distance =

  Columns 1 through 9

       10738       10770       10707       10983       10628       10716       10820       10860           0

  Columns 10 through 18

           0           0           0           0           0           0           0           0           0

  Columns 19 through 27

           0           0           0           0           0           0           0           0           0

  Columns 28 through 30

           0           0           0

---------------------------------------
Iteration no: 9/30

best_distance =

       11089


std_distance =

  Columns 1 through 9

       10738       10770       10707       10983       10628       10716       10820       10860       11089

  Columns 10 through 18

           0           0           0           0           0           0           0           0           0

  Columns 19 through 27

           0           0           0           0           0           0           0           0           0

  Columns 28 through 30

           0           0           0

---------------------------------------
Iteration no: 10/30

best_distance =

       10711


std_distance =

  Columns 1 through 9

       10738       10770       10707       10983       10628       10716       10820       10860       11089

  Columns 10 through 18

       10711           0           0           0           0           0           0           0           0

  Columns 19 through 27

           0           0           0           0           0           0           0           0           0

  Columns 28 through 30

           0           0           0

---------------------------------------
Iteration no: 11/30

best_distance =

       10648


std_distance =

  Columns 1 through 9

       10738       10770       10707       10983       10628       10716       10820       10860       11089

  Columns 10 through 18

       10711       10648           0           0           0           0           0           0           0

  Columns 19 through 27

           0           0           0           0           0           0           0           0           0

  Columns 28 through 30

           0           0           0

---------------------------------------
Iteration no: 12/30

best_distance =

       10628


std_distance =

  Columns 1 through 9

       10738       10770       10707       10983       10628       10716       10820       10860       11089

  Columns 10 through 18

       10711       10648       10628           0           0           0           0           0           0

  Columns 19 through 27

           0           0           0           0           0           0           0           0           0

  Columns 28 through 30

           0           0           0

---------------------------------------
Iteration no: 13/30

best_distance =

       10711


std_distance =

  Columns 1 through 9

       10738       10770       10707       10983       10628       10716       10820       10860       11089

  Columns 10 through 18

       10711       10648       10628       10711           0           0           0           0           0

  Columns 19 through 27

           0           0           0           0           0           0           0           0           0

  Columns 28 through 30

           0           0           0

---------------------------------------
Iteration no: 14/30

best_distance =

       10690


std_distance =

  Columns 1 through 9

       10738       10770       10707       10983       10628       10716       10820       10860       11089

  Columns 10 through 18

       10711       10648       10628       10711       10690           0           0           0           0

  Columns 19 through 27

           0           0           0           0           0           0           0           0           0

